0 0.570312 0.556641 0.568359 0.558594 0.560547 0.558594 0.541016 0.578125 0.539062 0.576172 0.539062 0.578125 0.537109 0.580078 0.535156 0.580078 0.533203 0.582031 0.529297 0.582031 0.527344 0.583984 0.517578 0.583984 0.515625 0.585938 0.500000 0.585938 0.498047 0.583984 0.494141 0.583984 0.492188 0.582031 0.486328 0.582031 0.484375 0.580078 0.484375 0.574219 0.486328 0.572266 0.492188 0.572266 0.494141 0.570312 0.468750 0.570312 0.468750 0.578125 0.464844 0.582031 0.457031 0.582031 0.455078 0.583984 0.453125 0.583984 0.447266 0.589844 0.445312 0.587891 0.445312 0.589844 0.443359 0.591797 0.429688 0.591797 0.425781 0.595703 0.423828 0.595703 0.421875 0.597656 0.421875 0.599609 0.419922 0.601562 0.417969 0.599609 0.417969 0.601562 0.416016 0.603516 0.410156 0.603516 0.408203 0.605469 0.396484 0.605469 0.394531 0.607422 0.394531 0.615234 0.396484 0.617188 0.396484 0.621094 0.398438 0.619141 0.408203 0.628906 0.408203 0.632812 0.410156 0.634766 0.427734 0.634766 0.429688 0.636719 0.437500 0.636719 0.439453 0.638672 0.443359 0.638672 0.445312 0.640625 0.449219 0.640625 0.451172 0.642578 0.453125 0.642578 0.455078 0.644531 0.455078 0.646484 0.462891 0.646484 0.464844 0.648438 0.486328 0.648438 0.488281 0.646484 0.498047 0.646484 0.498047 0.644531 0.500000 0.642578 0.505859 0.642578 0.507812 0.644531 0.507812 0.642578 0.509766 0.640625 0.513672 0.640625 0.519531 0.634766 0.519531 0.623047 0.521484 0.621094 0.521484 0.615234 0.525391 0.611328 0.529297 0.611328 0.529297 0.609375 0.531250 0.607422 0.541016 0.607422 0.554688 0.621094 0.554688 0.623047 0.562500 0.630859 0.562500 0.636719 0.564453 0.636719 0.566406 0.638672 0.566406 0.640625 0.564453 0.642578 0.562500 0.642578 0.558594 0.646484 0.558594 0.648438 0.560547 0.650391 0.566406 0.650391 0.568359 0.652344 0.583984 0.652344 0.585938 0.654297 0.587891 0.654297 0.589844 0.656250 0.589844 0.654297 0.591797 0.652344 0.603516 0.652344 0.605469 0.650391 0.605469 0.648438 0.611328 0.642578 0.611328 0.634766 0.613281 0.632812 0.613281 0.615234 0.611328 0.613281 0.611328 0.605469 0.615234 0.601562 0.617188 0.601562 0.619141 0.599609 0.619141 0.589844 0.617188 0.587891 0.617188 0.585938 0.615234 0.583984 0.615234 0.582031 0.613281 0.580078 0.613281 0.576172 0.609375 0.572266 0.607422 0.572266 0.603516 0.568359 0.603516 0.566406 0.601562 0.564453 0.599609 0.566406 0.597656 0.566406 0.593750 0.562500 0.587891 0.562500 0.585938 0.560547 0.582031 0.560547 0.580078 0.558594 0.576172 0.558594 0.574219 0.556641 
0 0.167969 0.546875 0.171875 0.550781 0.173828 0.548828 0.175781 0.548828 0.169922 0.548828 
0 0.193359 0.537109 0.193359 0.541016 0.189453 0.544922 0.187500 0.544922 0.187500 0.546875 0.185547 0.548828 0.187500 0.548828 0.187500 0.546875 0.193359 0.541016 0.193359 0.539062 0.195312 0.537109 
0 0.162109 0.537109 0.162109 0.539062 0.166016 0.542969 0.166016 0.541016 
0 0.230469 0.527344 0.232422 0.529297 0.236328 0.529297 0.234375 0.527344 
0 0.222656 0.525391 0.214844 0.533203 0.222656 0.525391 0.226562 0.525391 
0 0.253906 0.523438 0.250000 0.527344 0.242188 0.527344 0.240234 0.529297 0.246094 0.529297 0.248047 0.527344 0.250000 0.527344 0.253906 0.523438 0.255859 0.523438 
0 0.261719 0.500000 0.263672 0.501953 0.263672 0.503906 0.261719 0.505859 0.265625 0.505859 0.265625 0.501953 0.263672 0.501953 
0 0.171875 0.500000 0.171875 0.509766 0.167969 0.513672 0.166016 0.513672 0.162109 0.517578 0.162109 0.519531 0.164062 0.517578 0.164062 0.515625 0.166016 0.513672 0.167969 0.515625 0.167969 0.513672 0.173828 0.507812 0.171875 0.505859 
0 0.230469 0.496094 0.230469 0.498047 0.232422 0.498047 0.234375 0.500000 0.236328 0.500000 0.234375 0.500000 
0 0.253906 0.494141 0.251953 0.496094 0.246094 0.496094 0.244141 0.498047 0.246094 0.496094 0.255859 0.496094 0.257812 0.498047 
0 0.167969 0.486328 0.169922 0.488281 0.169922 0.486328 
0 0.212891 0.478516 0.222656 0.488281 0.224609 0.488281 0.228516 0.492188 0.226562 0.490234 0.226562 0.488281 0.222656 0.488281 0.214844 0.480469 0.214844 0.478516 
0 0.154297 0.476562 0.162109 0.484375 0.164062 0.484375 0.162109 0.484375 0.158203 0.480469 0.158203 0.476562 
0 0.162109 0.470703 0.162109 0.472656 0.166016 0.472656 0.166016 0.470703 0.164062 0.472656 
0 0.181641 0.468750 0.177734 0.472656 0.179688 0.470703 0.181641 0.470703 0.183594 0.468750 0.189453 0.468750 0.193359 0.472656 0.195312 0.472656 0.197266 0.474609 0.199219 0.474609 0.197266 0.472656 0.193359 0.472656 0.191406 0.470703 0.191406 0.468750 
